     1        0   129600   0.000
     2    12510   129600   0.010
     3    25019   129600   0.020
     4    37528   129600   0.030
     5    50037   129600   0.040
     6    62546   129600   0.050
     7    75055   129600   0.060
     8    87564   129600   0.070
     9   100073   129600   0.080
    10   112582   131175   0.090
    11   125091   131175   0.100
    12   137600   131175   0.110
    13   150109   131175   0.120
    14   162618   131175   0.130
    15   175127   131175   0.140
    16   187636   131175   0.150
    17   200145   131175   0.160
    18   212654   131175   0.170
    19   225163   133305   0.180
    20   237672   133305   0.190
    21   250181   133305   0.200
    22   262690   133305   0.210
    23   275199   133305   0.220
    24   287708   133305   0.230
    25   300217   133305   0.240
    26   312726   133305   0.250
    27   325235   133305   0.260
    28   337744   135558   0.270
    29   350253   135558   0.280
    30   362762   135558   0.290
    31   375271   135558   0.300
    32   387780   135558   0.310
    33   400289   135558   0.320
    34   412798   135558   0.330
    35   425307   135558   0.340
    36   437816   137956   0.350
    37   450325   137956   0.360
    38   462834   137956   0.370
    39   475343   137956   0.380
    40   487852   137956   0.390
    41   500361   137956   0.400
    42   512870   137956   0.410
    43   525379   137956   0.420
    44   537888   137956   0.430
    45   550397   140665   0.440
    46   562906   140665   0.450
    47   575415   140665   0.460
    48   587924   140665   0.470
    49   600433   140665   0.480
    50   612942   140665   0.490
    51   625451   140665   0.500
    52   637960   140665   0.510
    53   650469   140665   0.520
    54   662978   143263   0.530
    55   675487   143263   0.540
    56   687996   143263   0.550
    57   700505   143263   0.560
    58   713014   143263   0.570
    59   725523   143263   0.580
    60   738032   143263   0.590
    61   750541   143263   0.600
    62   763050   143263   0.610
    63   775559   146102   0.620
    64   788068   146102   0.630
    65   800577   146102   0.640
    66   813086   146102   0.650
    67   825595   146102   0.660
    68   838104   146102   0.670
    69   850613   146102   0.680
    70   863122   146102   0.690
    71   875631   149128   0.700
    72   888140   149128   0.710
    73   900649   149128   0.720
    74   913158   149128   0.730
    75   925667   149128   0.740
    76   938176   149128   0.750
    77   950685   149128   0.760
    78   963194   149128   0.770
    79   975703   149128   0.780
    80   988212   152104   0.790
    81  1000721   152104   0.800
    82  1013230   152104   0.810
    83  1025739   152104   0.820
    84  1038248   152104   0.830
    85  1050757   152104   0.840
    86  1063266   152104   0.850
    87  1075775   152104   0.860
    88  1088284   152104   0.870
    89  1100793   155299   0.880
    90  1113302   155299   0.890
    91  1125811   155299   0.900
    92  1138320   155299   0.910
    93  1150829   155299   0.920
    94  1163338   155299   0.930
    95  1175847   155299   0.940
    96  1188356   155299   0.950
    97  1200865   155299   0.960
    98  1213374   158281   0.970
    99  1225883   158281   0.980
   100  1238392   158281   0.990
   101  1250901   158281   1.000
   102  1263410   158281   1.010
   103  1275919   158281   1.020
   104  1288428   158281   1.030
   105  1300937   158281   1.040
   106  1313446   161348   1.050
   107  1325955   161348   1.060
   108  1338464   161348   1.070
   109  1350973   161348   1.080
   110  1363482   161348   1.090
   111  1375991   161348   1.100
   112  1388500   161348   1.110
   113  1401009   161348   1.120
   114  1413518   161348   1.130
   115  1426027   164843   1.140
   116  1438536   164843   1.150
   117  1451045   164843   1.160
   118  1463554   164843   1.170
   119  1476063   164843   1.180
   120  1488572   164843   1.190
   121  1501081   164843   1.200
   122  1513590   164843   1.210
   123  1526099   164843   1.220
   124  1538608   167944   1.230
   125  1551117   167944   1.240
   126  1563626   167944   1.250
   127  1576135   167944   1.260
   128  1588644   167944   1.270
   129  1601153   167944   1.280
   130  1613662   167944   1.290
   131  1626171   167944   1.300
   132  1638680   167944   1.310
   133  1651189   171220   1.320
   134  1663698   171220   1.330
   135  1676207   171220   1.340
   136  1688716   171220   1.350
   137  1701225   171220   1.360
   138  1713734   171220   1.370
   139  1726243   171220   1.380
   140  1738752   171220   1.390
   141  1751261   174361   1.400
   142  1763770   174361   1.410
   143  1776279   174361   1.420
   144  1788788   174361   1.430
   145  1801297   174361   1.440
   146  1813806   174361   1.450
   147  1826315   174361   1.460
   148  1838824   174361   1.470
   149  1851333   174361   1.480
   150  1863842   177611   1.490
   151  1876351   177611   1.500
   152  1888860   177611   1.510
   153  1901369   177611   1.520
   154  1913878   177611   1.530
   155  1926387   177611   1.540
   156  1938896   177611   1.550
   157  1951405   177611   1.560
   158  1963914   177611   1.570
   159  1976423   181312   1.580
   160  1988932   181312   1.590
   161  2001441   181312   1.600
   162  2013950   181312   1.610
   163  2026459   181312   1.620
   164  2038968   181312   1.630
   165  2051477   181312   1.640
   166  2063986   181312   1.650
   167  2076495   181312   1.660
   168  2089004   184418   1.670
   169  2101513   184418   1.680
   170  2114022   184418   1.690
   171  2126531   184418   1.700
   172  2139040   184418   1.710
   173  2151549   184418   1.720
   174  2164058   184418   1.730
   175  2176567   184418   1.740
   176  2189076   187816   1.750
   177  2201585   187816   1.760
   178  2214094   187816   1.770
   179  2226603   187816   1.780
   180  2239112   187816   1.790
   181  2251621   187816   1.800
   182  2264130   187816   1.810
   183  2276639   187816   1.820
   184  2289148   187816   1.830
   185  2301657   191040   1.840
   186  2314166   191040   1.850
   187  2326675   191040   1.860
   188  2339184   191040   1.870
   189  2351693   191040   1.880
   190  2364202   191040   1.890
   191  2376711   191040   1.900
   192  2389220   191040   1.910
   193  2401729   191040   1.920
   194  2414238   194600   1.930
   195  2426747   194600   1.940
   196  2439256   194600   1.950
   197  2451765   194600   1.960
   198  2464274   194600   1.970
   199  2476783   194600   1.980
   200  2489292   194600   1.990
   201  2501801   194600   2.000
   202  2514310   194600   2.010
   203  2526819   198174   2.020
   204  2539328   198174   2.030
   205  2551837   198174   2.040
   206  2564346   198174   2.050
   207  2576855   198174   2.060
   208  2589364   198174   2.070
   209  2601873   198174   2.080
   210  2614382   198174   2.090
   211  2626891   201319   2.100
   212  2639400   201319   2.110
   213  2651909   201319   2.120
   214  2664418   201319   2.130
   215  2676927   201319   2.140
   216  2689436   201319   2.150
   217  2701945   201319   2.160
   218  2714454   201319   2.170
   219  2726963   201319   2.180
   220  2739472   204888   2.190
   221  2751981   204888   2.200
   222  2764490   204888   2.210
   223  2776999   204888   2.220
   224  2789508   204888   2.230
   225  2802017   204888   2.240
   226  2814526   204888   2.250
   227  2827035   204888   2.260
   228  2839544   204888   2.270
   229  2852053   208145   2.280
   230  2864562   208145   2.290
   231  2877071   208145   2.300
   232  2889580   208145   2.310
   233  2902089   208145   2.320
   234  2914598   208145   2.330
   235  2927107   208145   2.340
   236  2939616   208145   2.350
   237  2952125   208145   2.360
   238  2964634   211761   2.370
   239  2977143   211761   2.380
   240  2989652   211761   2.390
   241  3002161   211761   2.400
   242  3014670   211761   2.410
   243  3027179   211761   2.420
   244  3039688   211761   2.430
   245  3052197   211761   2.440
   246  3064706   215506   2.450
   247  3077215   215506   2.460
   248  3089724   215506   2.470
   249  3102233   215506   2.480
   250  3114742   215506   2.490
   251  3127251   215506   2.500
   252  3139760   215506   2.510
   253  3152269   215506   2.520
   254  3164778   215506   2.530
   255  3177287   218741   2.540
   256  3189796   218741   2.550
   257  3202305   218741   2.560
   258  3214814   218741   2.570
   259  3227323   218741   2.580
   260  3239832   218741   2.590
   261  3252341   218741   2.600
   262  3264850   218741   2.610
   263  3277359   218741   2.620
   264  3289868   222491   2.630
   265  3302377   222491   2.640
   266  3314886   222491   2.650
   267  3327395   222491   2.660
   268  3339904   222491   2.670
   269  3352413   222491   2.680
   270  3364922   222491   2.690
   271  3377431   222491   2.700
   272  3389940   222491   2.710
   273  3402449   225798   2.720
   274  3414958   225798   2.730
   275  3427467   225798   2.740
   276  3439976   225798   2.750
   277  3452485   225798   2.760
   278  3464994   225798   2.770
   279  3477503   225798   2.780
   280  3490012   225798   2.790
   281  3502521   229481   2.800
   282  3515030   229481   2.810
   283  3527539   229481   2.820
   284  3540048   229481   2.830
   285  3552557   229481   2.840
   286  3565066   229481   2.850
   287  3577575   229481   2.860
   288  3590084   229481   2.870
   289  3602593   229481   2.880
   290  3615102   233242   2.890
   291  3627611   233242   2.900
   292  3640120   233242   2.910
   293  3652629   233242   2.920
   294  3665138   233242   2.930
   295  3677647   233242   2.940
   296  3690156   233242   2.950
   297  3702665   233242   2.960
   298  3715174   233242   2.970
   299  3727683   236471   2.980
   300  3740192   236471   2.990
   301  3752701   236471   3.000
